0.489251 0.55831 -0.670017
0.81406 -0.161301 0.557932
-0.355795 0.92978 -0.0944412
0.0634837 0.155698 -0.985763
0.353531 -0.00786175 -0.93539
-0.0411751 -0.269144 -0.962219
0.619033 0.511204 -0.596212
-0.0401857 0.132013 0.990433
0.730234 0.623397 -0.279527
0.722164 -0.691683 -0.00732536
0.284972 -0.917515 0.277412
0.220824 0.905357 -0.362719
-0.705045 0.520833 -0.481294
-0.975388 0.156003 0.155825
0.422666 0.815107 0.396174
0.272304 -0.889514 0.366899
0.495541 -0.511816 0.701772
0.764657 -0.028511 -0.643807
0.600036 0.601416 -0.5275
-0.9433 0.0558432 -0.327211
0.572976 0.579468 0.579582
0.355533 0.118531 0.927117
-0.837059 0.540623 0.0840217
-0.806431 0.0631161 -0.58795
0.693027 -0.376049 -0.615062
-0.0290852 -0.101961 0.994363
-0.234054 -0.928612 -0.287922
-0.804867 0.228182 -0.547834
-0.588093 -0.293875 -0.753515
0.0944566 -0.246799 0.964452
0.331983 -0.691398 -0.641682
0.915652 -0.36204 0.174667
-0.874026 0.458107 -0.161913
0.465296 0.713783 -0.523462
0.0976255 0.778927 -0.619469
0.939732 -0.0678921 0.335103
-0.0711921 0.219898 0.972922
0.11852 0.567599 -0.814729
0.240415 -0.337693 -0.910035
0.0401883 -0.2189 -0.974919
0.737531 0.33354 -0.587195
-0.733512 -0.495156 -0.465597
-0.314788 -0.878389 -0.35964
-0.773793 0.621359 -0.123115
0.260038 0.964045 -0.0547429
-0.787726 0.541084 0.294475
-0.799496 -0.527503 0.28731
0.705298 -0.157809 0.691123
-0.769475 0.597577 0.225408
-0.140663 -0.964649 0.22286
0.890648 -0.436374 0.127765
0.631177 -0.73734 -0.24072
0.729763 0.681396 0.0560864
-0.536035 0.842084 -0.059684
-0.0453094 -0.209498 -0.976759
-0.104132 -0.555226 -0.825155
-0.992594 -0.0343059 -0.116538
-0.996979 -0.0199856 0.0750516
-0.95218 -0.286992 0.104831
0.596772 -0.774859 -0.208463
-0.280498 0.00256583 -0.959851
0.292851 0.0641424 -0.954004
-0.6092 0.707083 -0.359039
-0.399316 0.577891 -0.71175
0.909623 0.264639 -0.320239
-0.000251878 -0.679141 0.734008
0.583806 -0.0649705 0.80929
-0.162433 0.780083 -0.604223
0.854441 0.452795 -0.254769
0.931525 0.0474141 -0.360574
-0.969976 -0.209998 0.122666
0.21501 0.655438 0.723997
-0.628972 0.573528 -0.524843
0.841454 0.218706 0.494088
-0.763662 -0.0228992 -0.64521
0.757543 -0.0873784 -0.646911
-0.136699 0.404841 0.904111
0.0134709 0.996019 -0.0881122
0.723244 -0.615933 0.312321
0.722422 0.153248 0.674256
0.584821 -0.567701 0.579396
-0.142459 0.989685 0.015116
0.166201 0.985901 0.019397
0.91477 -0.266118 -0.303937
0.0467324 -0.990476 0.129509
-0.424136 -0.14635 0.893695
-0.431982 0.881634 0.190037
0.659433 -0.42765 -0.618274
-0.0350259 0.671356 0.740307
-0.969174 0.04066 0.242999
-0.178213 -0.887769 0.42439
-0.558099 -0.547233 -0.623748
-0.372597 0.899401 0.228579
-0.431486 0.644189 -0.631538
-0.47135 -0.848334 0.241162
-0.888544 0.237106 0.392772
0.846005 -0.532688 0.0227646
0.0225834 -0.620506 0.783876
-0.527468 0.416683 -0.740374
-0.353773 0.42296 -0.834236
-0.66814 -0.188687 0.719712
0.136395 0.418642 -0.89785
0.85261 -0.0530503 0.519848
0.969624 0.101012 0.22277
0.185261 -0.981578 0.0467239
-0.260636 -0.0671609 0.963098
0.640972 -0.464567 0.611009
0.749014 -0.652042 0.117553
0.511082 0.683637 0.520995
0.306496 -0.950341 0.0539699
0.808843 0.512048 -0.289101
-0.660773 -0.731367 -0.168764
-0.139846 -0.946532 0.290724
-0.385347 -0.824366 -0.414643
0.35631 0.580041 0.732527
-0.381431 0.125112 0.915892
0.219022 -0.71411 0.664888
0.457519 -0.817389 0.350073
-0.550869 -0.819185 0.15962
0.126193 -0.620963 0.773615
0.770348 -0.0313108 0.636854
0.0717176 -0.880729 0.468159
0.0221656 0.601556 0.798523
-0.502495 0.746158 0.436745
0.804071 -0.160516 0.572455
-0.658514 -0.516975 0.546897
0.361462 0.911368 0.196857
-0.64273 0.389487 0.659695
-0.291828 0.916702 -0.272937
0.488521 0.686571 -0.538486
0.295007 -0.263501 -0.918443
0.979831 0.111704 -0.165693
0.099233 -0.933562 0.344404
0.626357 0.659208 0.416078
0.482832 -0.690595 0.538471
-0.0798775 -0.000990966 0.996804
0.901528 0.071173 0.426827
0.791883 0.565505 0.23049
-0.55196 0.708372 -0.439942
0.916288 0.399559 -0.0277184
-0.821601 0.425292 -0.379603
-0.0242875 0.98011 0.196961
-0.045025 0.493638 -0.868501
-0.960592 0.167493 -0.221832
-0.996925 0.0727779 -0.0290391
0.0294931 0.942115 0.33399
-0.981264 -0.0145662 -0.192116
-0.139324 0.350887 -0.925995
0.0959629 0.864259 -0.493808
-0.410012 0.8365 0.363536
0.953434 -0.293498 -0.0694421
0.342542 -0.356577 -0.869205
-0.451408 -0.786962 0.420621
0.773546 0.337774 0.536223
-0.22244 -0.760712 0.609785
-0.432029 0.229727 -0.87211
0.600386 0.746682 -0.286362
-0.977489 0.16913 0.126134
0.0356807 0.999293 -0.0118388
0.443298 -0.293414 0.846992
-0.218594 -0.947243 -0.23441
0.365456 0.90774 0.206036
-0.120697 0.68738 -0.716199
0.817274 -0.526351 -0.234558
0.420929 0.906596 -0.0300474
0.433672 -0.85602 0.281351
0.367511 -0.833176 0.413224
0.470002 0.882548 0.0144208
0.230694 0.644903 -0.728615
0.276051 0.932587 -0.232545
0.703669 -0.677199 0.215062
0.703812 -0.245537 0.666603
0.97634 -0.174337 -0.12793
-0.550357 -0.391303 0.737556
-0.907845 -0.404956 -0.108761
-0.241674 0.60495 0.758702
-0.0657133 -0.854937 0.514553
0.343568 -0.697323 0.629048
-0.247825 0.596427 -0.763451
-0.402484 -0.780355 -0.478595
0.624497 0.258874 0.736877
0.153365 0.0972648 0.983371
-0.927512 0.259948 -0.268607
-0.982556 -0.185917 0.00426114
-0.446235 0.745982 0.494353
0.0774867 0.752799 0.653674
-0.733919 -0.505412 -0.453786
0.65388 -0.633072 -0.414319
0.0954818 0.994458 0.0440085
0.863402 0.0992307 -0.494662
-0.302358 -0.443249 0.843866
-0.116802 0.0201818 -0.99295
-0.58931 -0.120487 -0.798872
0.115517 -0.797259 0.592481
0.807876 -0.533524 0.250375
0.542198 -0.765434 0.346602
-0.439551 0.839883 -0.318421
-0.369093 -0.223843 0.902034
0.125102 -0.992007 0.0164957
-0.987176 0.0734249 0.141747
